437380
437380
437380
437380
437380
437380
437892
437892
437956
437956
437956
437956
437956
437956
437956
438212
438212
438212
438212
438212
454596
454596
454596
454596
454596
454596
454596
454596
454596
454596
454596
454596
454596
454612
454612
458708
982996
982996
982996
982996
982996
982996
982996
982996
982996
982996
982996
982996
982996
982996
982996
982996
982996
982996
982996
982996
982996
982996
1048532
1048564
1048564
1048564
1048564
1048564
1048564
1048564
1048564
1048564
1048564
1048564
1048564
1048564
1048564
1048564
1048564
1048564
1048564
1048564
1048564
1048564
1048572
1048572
1048572
1048572
1048572
1048572
1048572
1048572
1048572
1048572
1048572
1048572
1048572
1048572
1048572
1048572
1048572
1048572
1048572
1048572
